Python 2.7.3 (default, Mar 18 2014, 05:13:23) 
[GCC 4.6.3] on linux2
Type "copyright", "credits" or "license()" for more information.
>>> ================================ RESTART ================================
>>> 
46
47
44
47
47
47
47
46
46
44
44
50
46
45
44
44
44
43
39
39
37
36
39
46
43
45
47
51
51
66
57
41
38
37
36
35
31
36
37
37
37
37
43
39
40
37
39
39
39
41
41
43
38
40
39
36
38
39
37
39
37
37
39
38
38
36
41
37
40
41
40
39
39
39
39
39
35
38
[Errno 5] Input/output error
40
38
37
36
36
39
38
37
38
38
38
35
35
35
36
37
36
33
38
38
37
37
39
36
39
37
35
33
[Errno 5] Input/output error
38
37
[Errno 5] Input/output error
39
38
37
37
34
39
37
38
39
39
44
43
42
38
39
39
40
39
41
35
39
38
39
39
39
45
42
41
37
39
42
38
39
35
40
38
43
37
35
42
39
38
41
39
43
39
43
41
39
43
42
42
39
41
39
41
37
39
39
39
37
38
37
38
39
39
38
39
37
37
38
40
39
39
39
38
37
37
37
38
37
35
38
38
38
37
37
36
39
37
37
36
37
34
38
38
39
36
39
39
34
35
39
37
38
35
39
37
37
37
39
36
37
36
38
36
36
38
37
36
36
37
38
37
37
39
38
37
39
38
41
37
37
37
37
39
37
38
38
36
37
35
38
37
38
39
41
39
39
36
38
37
39
41
38
39
42
38
40
39
39
39
40
38
39
40
38
39
39
38
39
36
38
39
38
38
39
39
38
37
37
39
39
39
38
36
35
37
38
39
37
39
39
38
38
35
35
38
35
39
39
39
39
39
39
37
38
34
39
38
38
38
38
36
37
36
39
38
37
37
37
37
37
37
37
40
38
37
39
42
42
43
44
41
43
[Errno 5] Input/output error
43
45
46
46
45
45
53
56
45
46
43
45
45
45
45
45
45
45
46
43
45
45
45
43
44
43
43
42
45
44
45
44
43
46
44
45
47
46
45
47
45
47
